02025
05458
08540
20024
24019
25002
25251
25501
25801
26003
26250
26501
26750
27006
27252
27501
27801
28001
28262
28501
28751
29001
29301
29501
29801
30002
30250
30501
30750
31001
31301
31501
31750
32003
32250
32501
32750
33001
33301
33503
33755
34101
34251
34601
34753
35004
35254
35501
35750
36003
36250
36502
36750
37010
37301
37601
37752
38001
38251
38501
38751
39038
39269
39501
39750
40003
40258
40502
40759
41001
41250
41501
41751
42001
42254
42501
42753
43001
43302
43501
43750
44001
44250
44502
44802
45001
45251
45502
45750
46001
46250
46501
46750
47001
47250
47501
47802
48001
48301
48502
48750
49001
49250
49503
49751
50001
50250
50501
50801
51001
51250
51501
52001
52251
52501
52750
53001
53295
53501
53792
54001
54301
54501
54750
54814
55001
55301
55601
55750
56001
56251
56501
56750
57001
57251
57501
57750
58001
58250
58501
58750
59001
59250
59501
59750
60002
60048
60301
60501
60803
61001
61250
61501
61750
62001
62250
62257
62501
62801
63005
63301
63501
63750
64001
64401
64501
64750
65001
65250
65501
65752
66002
66401
66501
66751
67001
67260
67501
67751
68001
68002
68301
68502
68751
68752
69001
69301
70001
70301
70501
70750
71001
71250
71601
71751
72001
72021
72301
72501
72751
73002
73401
73501
73750
74001
74301
74501
74750
75001
75251
75501
75750
76001
76250
76501
76798
77002
77301
77502
77801
78001
78250
78501
78750
79001
79250
79501
79752
80002
80260
80501
80634
80750
81001
81251
81501
82001
82301
82501
82801
83001
83250
83401
83501
83801
84001
84301
84501
84713
84750
85003
85250
85501
85750
86001
86301
86502
87001
87301
87501
87505
87750
87752
88001
88002
88005
88250
89001
89115
89301
89310
89501
89502
89801
89815
90001
90250
90501
90755
91001
91301
91302
91501
91750
92003
92250
92501
92780
93001
93224
93250
93501
93901
94002
94301
94501
94801
95002
95003
95250
95501
95503
95757
96001
96002
96701
96704
96750
97001
97266
97267
97501
97750
98001
98221
98250
98501
98801
99001
99301
99501
99750
